layout_spectrum: 0.02486647
typography_spectrum: 0.3957653
color:
  saturation: 0.655057
  lightness: 0.4991305
  brandStrength: 0.7065722
  rhythmicContrast: 0.2848865
name: Lensjournal
